01/2007  8.109    12.1   16.67   4.767   -1.11   25.91   
02/2007  8.975   12.76   21.11   6.012  0.5556     160   
03/2007  12.71   18.05   25.56   8.405   2.778   23.37   
04/2007  11.69   17.76   28.33   7.111   2.778   43.43   
05/2007  13.13   19.34   29.44   8.566       5    18.8   
06/2007  15.62   22.39   34.44   10.04   6.667   0.508   
07/2007  16.25   22.87   33.89   11.52   8.889   6.604   
08/2007  17.04   23.73   33.89   12.19   9.444    1.27   
09/2007  16.28   22.06   32.22   12.13   8.333   3.302   
10/2007   14.1   19.12   28.33   10.14   5.556   60.96   
11/2007  13.19   17.37   23.89   9.296   3.333   28.45   
12/2007  4.365   8.746   17.78   0.681  -14.99   98.55   
01/2008  5.924   8.889      15   3.781  -4.999   186.9   
02/2008  4.519   8.831   16.11  0.3448  -8.888   36.83   
03/2008  7.806   14.27   22.22   1.595  -18.88   10.67   
04/2008  11.67   17.98   29.44   6.241  0.5556   5.334   
05/2008  13.67   20.18   34.44   8.943       5   0.762   
06/2008  17.08   23.91   37.22   11.09   6.111   1.016   
07/2008  16.48   23.62   37.78   11.08   7.778    1.27   
08/2008  17.75   24.78   36.11   12.29   8.333   0.762   
09/2008  18.88    25.2      35   13.74   7.778   0.508   
10/2008  17.78   23.03      30    13.1   6.667    7.62   
11/2008  13.78   16.79   24.44   10.44   6.667   22.86   
12/2008  8.195   11.26   18.33   4.971  0.5556   17.27   
01/2010  8.241   10.66   13.89   6.201   1.667   241.6   
02/2010   9.45    12.7   18.33   7.262   4.444   122.7   
03/2010  7.604   11.47   16.11   4.722   1.667   64.01   
04/2010  11.43   16.49   24.44   7.326   3.889   152.9   
05/2010  11.71   17.01   24.44   7.616   4.444   42.93   
06/2010     15   20.57   31.11   10.37   7.222   4.572   
07/2010  13.87   19.78   31.11   10.09   7.778   3.302   
08/2010   14.4   20.36   36.67   10.57   8.333   7.874   
09/2010   18.8   23.94   36.67   14.39   8.333   3.048   
10/2010  14.93   19.37   31.67   11.65   8.333   50.29   
11/2010  11.05    14.3   23.33   8.074   1.111   86.36   
12/2010  8.553      11   15.56   6.577   1.667   202.7   
01/2011  9.043   11.81   18.33    6.47       0   45.47   
02/2011  8.519   11.73   21.67   5.139  -1.666   154.9   
03/2011  9.238   12.72   23.89   6.541   3.333   242.3   
04/2011  10.43   15.22   25.56   6.722   3.333   29.97   
05/2011  11.37   16.13   27.22    7.67   3.889   50.29   
06/2011  14.04   18.96   30.56    10.2   7.222    69.6   
07/2011  16.12   21.16   30.56   12.47   8.333   3.302   
08/2011  14.94   21.11   30.56   11.04      10    6.35   
09/2011  19.21   25.33   32.78   14.28   9.444    2.54   
10/2011  16.24    20.3   28.33    13.1   8.333    56.9   
11/2011  9.958   13.24   19.44   7.204   3.889    60.2   
12/2011  9.114   12.14   19.44   6.468   3.333   4.064   
01/2012  9.506   12.86   17.22   6.811  0.5556   98.04   
02/2012  9.457    13.3   21.67   6.341   2.222   48.26   
03/2012  8.961   12.63   20.56   5.986   2.222   270.3   
04/2012  11.67   16.74   28.33   7.796   2.222   87.38   
05/2012   13.7   19.32   27.78   9.158       5   7.112   
06/2012  15.31   21.52      35   9.889   6.667   7.366   
07/2012  15.58   21.51   33.89    11.2   8.333   5.842   
08/2012  16.97   23.24   33.89   11.99   8.889   3.556   
09/2012  16.85   23.59   34.44   11.37   7.778   0.508   
10/2012  15.72   20.34   35.56   12.44   7.778   45.47   
11/2012   12.4   15.48   25.56   10.07   3.889   179.6   
12/2012  8.634   11.04   15.56   6.452   2.222   484.1   
01/2013   8.69   11.95   17.78   5.896  -0.5555   14.73   
02/2013  9.366   13.41   17.78   6.171   1.111   17.53   
03/2013  11.55      16   21.67   7.921   3.889   26.67   
04/2013  13.73   19.02   27.78   9.259   4.444   43.69   
05/2013   14.3      20      30   9.588   5.556   4.318   
06/2013  16.47   22.13   33.33   11.83   8.333   14.73   
07/2013  15.35    21.7   31.11   11.02   8.333   2.286   
08/2013  15.46   21.43   32.22   11.56   9.444   7.874   
09/2013  17.01   22.61   31.67   13.07      10   19.81   
10/2013  16.07   21.15   28.33   11.81   6.667   0.254   
11/2013  12.88   16.76   22.78   9.704   6.667   49.53   
12/2013  9.583   12.49   18.33    6.72  -2.221   17.27   
01/2014   12.9   16.11      20   10.02   6.111   3.302   
02/2014  10.36   13.63   20.56   7.937   3.333   236.7   
03/2014  12.43   16.59   23.33   8.692       5   105.2   
04/2014  12.91   17.81   28.89   8.833   3.889   50.29   
05/2014   15.3   20.84   31.11   10.93   7.222   1.524   
06/2014  15.85   21.89   33.89   10.63   7.778   0.762   
07/2014   16.9   22.56   33.89   12.89   9.444   3.048   
08/2014   15.7   21.63   28.89   12.38   11.11   3.302   
09/2014  16.99   22.78   32.78   13.37   10.56   19.56   
10/2014   18.4   23.19   32.78    14.7      10   28.19   
11/2014  13.24    16.5   23.33   10.57   7.778   78.74   
12/2014  10.17   12.62   17.78   8.369   2.778   311.4   
01/2015  11.21    14.3      20    8.28   2.222   0.254   
02/2015  12.73   16.17      20   9.802   5.556   71.63   
03/2015  14.42   19.21   27.22   10.47   5.556    6.35   
04/2015  12.33   17.37   26.67   8.333       5   40.13   
05/2015  10.55   15.18   24.44   7.921   6.111    6.35   
06/2015  15.91    22.2   35.56   11.15   7.778   7.874   
07/2015  16.56   22.17   30.56   13.06   11.11   4.572   
08/2015  17.76   23.55   35.56   13.78   12.22   1.524   
09/2015  19.96   25.93   35.56   15.67      10   5.588   
10/2015  18.63   23.84   32.22   14.62      10   0.254   
11/2015  10.69   14.28   21.67    7.87   1.111   49.53   
12/2015  7.852   10.38   14.44   5.753       0   153.2   
01/2016  8.621   10.77      15    6.72       0   218.7   
02/2016  13.14   16.75   22.22   9.691   2.778   19.56   
03/2016   11.3   14.98   21.11   8.548       5   232.2   
04/2016  13.42   18.44   27.22   9.852       5   48.77   
05/2016  13.68   18.84   29.44   9.695   6.667    8.89   
06/2016   17.6    23.7   32.78   12.22   7.222   0.508   
07/2016   16.7   23.19   32.78   11.74   8.889   3.048   
08/2016  15.01   21.18   29.44   11.04      10   1.524   
09/2016  17.51   23.54   35.56   12.76   8.333   1.524   
10/2016  15.11   19.14   28.89   12.15   8.889   134.1   
11/2016  12.36    15.5   21.11   9.963   5.556   69.09   
12/2016   8.02   10.68      15   5.609  0.5556   166.4   
01/2017  7.146   9.677   13.33   4.875       0   309.9   
02/2017   9.49   12.54   17.22   7.083   1.667     225   
03/2017  12.29   16.63   25.56    8.71   2.778   53.09   
04/2017   12.4   17.11   24.44   8.685   4.444   104.9   
05/2017  14.74   20.63      30   10.23   5.556   0.508   
06/2017  16.65   23.56   35.56   11.26   7.222   4.318   
07/2017  18.27   25.73   36.11   12.38   8.889   0.762   
08/2017   17.7   23.92   37.22   13.49   10.56   2.032   
09/2017  19.65    25.3   41.67   15.44   8.889   2.794   
10/2017  17.99   22.63      30   13.84   8.333   11.18   
11/2017  11.92   15.41   20.56   9.278       5   128.3   
12/2017  10.78   13.23   16.67   8.441   3.889    6.35   
01/2018  10.04    13.1   18.89   7.581   3.889   135.4   
02/2018  11.04   15.02   23.33    7.56  0.5556    8.89   
03/2018  10.43   14.21      25   7.097   2.778     177   
04/2018  11.73   16.93   24.44   7.667   4.444   91.44   
05/2018  12.33   17.51   28.33   8.459   6.111   3.048   
06/2018  16.07   22.56   32.22   10.91   7.778   0.762   
07/2018  16.85    24.1   30.56   11.86   8.889   1.016   
08/2018  16.39    22.8   31.11    11.9   9.444   1.524   
09/2018  16.89   23.35   31.11   12.19   9.444   0.508   
10/2018  16.71   22.03   26.67   12.62   8.333   3.048   
11/2018  14.38   17.17   27.22   11.57   7.222   130.6   
12/2018  9.052    11.7   14.44   6.864   3.889   80.52   
01/2019  9.807   12.54   17.22   7.509   2.222   138.7   
02/2019  6.426   9.563   13.33   4.067       0   245.9   
03/2019  10.04      14   21.67   7.204   2.778   134.4   
04/2019  13.29   18.46   28.89   9.241   6.111   23.88   
05/2019  11.41   16.45   22.22   8.172   6.111   77.72   
06/2019  16.94   22.87   36.11   12.02   7.778   2.032   
07/2019  16.54   23.19   33.89   11.77   9.444   1.778   
08/2019  18.87   25.27   34.44   14.21   11.11    2.54   
09/2019  18.45      24   33.89   13.93   7.778   14.22   
10/2019  17.15    22.1      30   12.87   7.222   0.254   
11/2019  14.01   17.81   24.44   10.69   2.222   30.73   
12/2019  9.205   11.61   15.56   7.348   3.889   162.8   
01/2020  8.888   12.19   17.22    6.72   2.778   75.95   
02/2020  12.06   16.34   21.67   8.295   1.667       0   
03/2020  9.414   13.37   22.78   6.416   1.111   52.07   
04/2020  11.95      17   26.11   8.241   4.444    50.8   
05/2020  15.64   21.24   32.22   11.18   7.222   38.86   
06/2020  16.78   22.76   31.67    11.7   7.778    1.27   
07/2020  15.71   22.29   31.11   11.31   9.444   2.032   
08/2020  19.89   26.36   38.33   15.13   10.56    2.54   
09/2020  20.69   26.61   40.56      16   11.11    1.27   
10/2020  20.88   25.66   35.56   17.08   9.444   1.778   
11/2020   12.2   16.31   27.22   8.981   5.556   22.35   
12/2020  10.12   13.26   18.33   7.294   2.222   59.94   